t = [946710212515
     946710212527
     946710212533
     946710212558
     946710212577
     946710212605
     946710212613
     946710212738
     946710212767
     946710212775
     946710212780
     946710212788
     946710212795
     946710212804
     946710212813
     946710212822
     946710212910
     946710212917
     946710212927
     946710212932
     946710212943
     946710212949
     946710212957
     946710212965
     946710212971
     946710212980
     946710212986
     946710212992
     946710213002
     946710213008
     946710213018
     946710213038
     946710213057
     946710213065
     946710213070
     946710213085
     946710213090
     946710213097
     946710213162
     946710213172
     946710213178
     946710213185
     946710213194
     946710213199
     946710213207
     946710213215
     946710213220
     946710213229
     946710213237
     946710213243
     946710213253
     946710213269
     946710213287
     946710213295
     946710213301
     946710213320
     946710213335
     946710213377
     946710213383
     946710213402
     946710213408
     946710213426
     946710213434
     946710213439
     946710213457
     946710213466
     946710213472
     946710213698
     946710213703
     946710213781
     946710213790
     946710213821
     946710213827
     946710213833
     946710213855
     946710213877
     946710213883
     946710213970
     946710214010
     946710214098
     946710214103
     946710214160
     946710214187
     946710214195
     946710214200
     946710214212
     946710214223
     946710214266
     946710214272
     946710214282
     946710214292
     946710214298
     946710214303
     946710214312
     946710214331
     946710214337
     946710214342
     946710214356
     946710214361
     946710214370
     946710214376
     946710214381
     946710214391
     946710214398
     946710214407
     946710214415
     946710214420
     946710214428
     946710214443
     946710214449
     946710214457
     946710214464
     946710214470
     946710214478
     946710214485
     946710214490
     946710214497
     946710214505
     946710214514
     946710214524
     946710214532
     946710214542
     946710214548
     946710214556
     946710214562
     946710214568
     946710214575
     946710214582
     946710214589
     946710214597
     946710214606
     946710214611
     946710214620
     946710214626
     946710214631
     946710214640
     946710214649
     946710214659
     946710214668
     946710214680
     946710214686
     946710214691
     946710214709
     946710214716
     946710214721
     946710214733
     946710214739
     946710214747
     946710214755
     946710214760
     946710214767
     946710214774
     946710214780
     946710214787
     946710214795
     946710214800
     946710214808
     946710214815
     946710214820
     946710214827
     946710214835
     946710214851
     946710214860
     946710214866
     946710214871
     946710214881
     946710214889
     946710214897
     946710214908
     946710214917
     946710214926
     946710214931
     946710214940
     946710214947
     946710214952
     946710214961
     946710214968
     946710214973
     946710214981
     946710214986
     946710214990
     946710214996
     946710215002
     946710215007
     946710215010
     946710215016
     946710215024
     946710215032
     946710215039
     946710215049
     946710215058
     946710215067
     946710215075
     946710215080
     946710215087
     946710215092
     946710215098
     946710215103
     946710215111
     946710215117
     946710215122
     946710215131
     946710215137
     946710215140
     946710215148
     946710215153
     946710215184
     946710215207
     946710215234
     946710215240
     946710215266
     946710215270
     946710215295
     946710215300
     946710215317
     946710215327
     946710215355
     946710215360
     946710215386
     946710215391
     946710215416
     946710215421
     946710215447
     946710215452
     946710215478
     946710215483
     946710215503
     946710215509
     946710215527
     946710215535
     946710215541
     946710215557
     946710215566
     946710215572
     946710215591
     946710215598
     946710215617
     946710215625
     946710215631
     946710215651
     946710215678
     946710215704
     946710215710
     946710215736
     946710215741
     946710215767
     946710215772
     946710215790
     946710215811
     946710215837
     946710215867
     946710215895
     946710215900
     946710215925
     946710215929
     946710215933
     946710215957
     946710215961
     946710215985
     946710215990
     946710216016
     946710216021
     946710216039
     946710216067
     946710216071
     946710216089
     946710216107
     946710216113
     946710216117
     946710216122
     946710216142
     946710216148
     946710216165
     946710216172
     946710216185
     946710216189
     946710216200
     946710216215
     946710216220
     946710216237
     946710216244
     946710216248
     946710216260
     946710216276
     946710216280
     946710216292
     946710216325
     946710216329
     946710216357
     946710216363
     946710216385
     946710216391
     946710216402
     946710216417
     946710216422
     946710216432
     946710216450
     946710216461
     946710216476
     946710216481
     946710216492
     946710216508
     946710216513
     946710216536
     946710216541
     946710216552
     946710216569
     946710216587
     946710216593
     946710216616
     946710216621
     946710216643
     946710216652
     946710216676
     946710216694
     946710216699
     946710216716
     946710216722
     946710216748
     946710216752
     946710216777
     946710216781
     946710216795
     946710216802
     946710216824
     946710216828
     946710216832
     946710216849
     946710216855
     946710216859
     946710216863
     946710216904
     946710216909
     946710216913
     946710216929
     946710216947
     946710216954
     946710216959
     946710216963
     946710216981
     946710216987
     946710216991
     946710217008
     946710217015
     946710217019
     946710217036
     946710217042
     946710217046
     946710217051
     946710217067
     946710217074
     946710217085
     946710217089
     946710217108
     946710217115
     946710217119
     946710217123
     946710217136
     946710217142
     946710217147
     946710217151
     946710217162
     946710217167
     946710217171
     946710217177
     946710217185
     946710217188
     946710217193
     946710217201
     946710217205
     946710217208
     946710217216
     946710217222
     946710217228
     946710217234
     946710217238
     946710217242
     946710217247
     946710217254
     946710217258
     946710217262
     946710217270
     946710217274
     946710217278
     946710217282
     946710217291
     946710217295
     946710217299
     946710217302
     946710217307
     946710217313
     946710217318
     946710217322
     946710217327
     946710217335
     946710217339
     946710217343
     946710217352
     946710217361
     946710217367
     946710217374
     946710217378
     946710217382
     946710217390
     946710217395
     946710217399
     946710217405
     946710217412
     946710217418
     946710217424
     946710217429
     946710217433
     946710217440
     946710217446
     946710217451
     946710217457
     946710217463
     946710217467
     946710217471
     946710217478
     946710217487
     946710217493
     946710217501
     946710217506
     946710217511
     946710217516
     946710217521
     946710217524
     946710217537
     946710217541
     946710217561
     946710217570
     946710217588
     946710217607
     946710217612
     946710217637
     946710217640
     946710217665
     946710217668
     946710217673
     946710217697
     946710217701
     946710217725
     946710217729
